1000
517560
63293
159933
259817
919572
495092
295851
53644
135666
152945
83076
120639
506310
749863
320725
330676
988689
890242
352679
839369
417675
639871
294293
229177
521851
174532
76682
489422
165086
503032
123551
77944
123486
545123
95093
119416
761578
358077
385933
600842
65149
500727
12891
50825
830902
449506
400516
353085
138890
11200
37053
135525
136370
743273
98823
25604
514426
998034
235320
501943
658840
208306
494315
312803
812026
517113
248530
97658
394010
581300
228429
34495
606292
836235
452963
181611
893551
235930
522832
279288
908964
136083
541651
804630
818357
757045
290557
37751
388690
693791
57078
265608
275432
355108
271712
65526
32577
79222
28487
17443
166369
582145
92164
110838
688715
563937
206592
188759
428559
477022
148862
252531
342200
708217
278623
162812
190523
685740
9006
84121
292189
779020
18377
211022
633825
990033
187909
567001
853437
441216
89294
743248
523260
946852
366717
342684
383557
790203
132780
158371
140977
774099
77711
103854
990014
836755
31189
268336
433261
967732
360916
85910
933716
181494
152596
397706
568329
458327
41172
361577
234175
48915
56345
102633
264857
237709
98527
95762
846962
907097
120207
389023
588561
764544
435957
532300
424785
52982
385704
161712
742513
725652
123057
738593
96149
671258
47158
59047
146943
351487
106312
60979
550350
926810
508455
92025
491806
602261
95056
175445
484670
214826
296754
6774
741179
315419
303074
731198
695
485538
632
56
462493
500297
105359
105212
642220
486994
462331
205244
160989
585482
125354
138955
147827
355091
126474
46018
433113
602428
291508
191990
288357
107161
100452
230728
84278
169162
14572
49778
873482
17026
532580
668757
609068
991413
289493
424083
537880
548825
218860
432170
23002
249147
4641
6690
49743
238010
6389
22852
942705
942386
474040
479359
619709
562826
368434
252550
923393
295569
383242
3648
614804
450966
240527
492024
288419
831034
214234
125578
285041
572441
92047
72460
56018
158539
19875
54783
719710
538541
216534
445613
593154
893126
291082
122664
98772
274267
26189
45352
451490
872254
183883
449974
519093
532809
416528
517185
637029
595282
471289
470235
653340
299617
313363
283955
973558
810424
332099
261217
881274
434872
704734
719326
223238
598460
171755
210466
73769
485817
56342
29097
58081
279804
37445
52355
723223
728569
717547
75100
250566
607210
233011
159856
563381
357468
545845
43704
964582
871666
325221
798437
669861
112828
585134
601246
10041
842112
3445
8606
403756
796126
24916
253595
189485
75877
137880
180946
960937
619562
198362
43818
289064
748637
280190
232040
128584
472083
57127
6203
690849
87985
341129
623575
387712
825087
171725
378090
923690
39091
234401
597331
71817
19758
33865
61363
410510
249628
41420
25741
652787
881202
186565
553650
92198
430342
38026
7972
808872
360190
77671
360479
612925
176700
235775
139945
448207
163334
131653
442125
505786
341561
496024
426476
167171
841905
148438
51527
803043
286438
606172
663881
550252
95887
368154
57013
452447
488982
19654
77943
681683
615398
670129
342709
935964
149689
690036
544032
349093
27109
252033
203760
588765
223780
71884
454631
637053
653466
437558
612140
983179
194569
3959
286238
664781
374110
467589
99661
838357
449694
311726
290625
235175
727854
229823
115887
313265
611556
80382
151861
394840
562265
34921
61923
632249
196089
502661
630248
16163
915771
3124
6350
401715
755163
222944
203086
365886
287715
148091
354649
83940
956257
10709
74839
924000
642419
209793
220971
969686
720759
927237
196509
832127
307438
727935
276238
360618
949777
259331
29964
907227
369608
682327
747283
482479
754156
117090
256728
808732
594997
439235
527682
297388
449924
210831
230983
308074
393296
237058
302622
848815
469506
802408
192101
869578
18535
614705
69261
342821
420599
120551
232492
445954
248364
216751
313260
213524
480178
65453
13215
775570
191951
233933
22715
478173
618772
216117
355553
713053
93961
96335
441141
736456
176413
229766
354114
954653
252739
271652
805096
512376
420474
132937
25661
388953
644584
152235
96837
220138
192661
109877
91477
614610
23765
39421
441275
925598
717108
645788
643616
504208
622823
267645
409446
293185
91514
128367
288438
797587
315137
281703
148534
827223
671680
364256
176558
741803
859982
521420
278880
71114
263987
34019
27328
974964
377252
240642
545588
44686
974401
1026
41640
189481
198601
98214
3104
384052
406478
251256
280669
818193
104648
414838
690715
10486
941208
2907
10376
517559
451499
506831
181973
17224
995658
15420
8177
891593
452990
264610
861896
468402
958512
273873
449208
446024
511662
203110
205998
301845
135222
216920
108268
300537
104713
63210
225957
376265
653415
165018
242307
871463
584366
21223
756637
843450
814823
457801
764280
149521
353452
86925
78394
143835
480546
66906
35669
211382
321968
168337
100904
997321
714891
371542
315071
544078
643153
434343
279262
294725
5279
103912
128305
920978
896143
63833
9276
645602
697971
412599
517013
186346
972552
123410
7781
228958
465282
204175
14903
94677
788841
68039
56918
452699
762828
239450
112051
492762
670007
200732
143999
239302
536143
12157
18678
643064
862803
80291
95219
393147
556491
310349
8560
455012
254902
133028
289477
435421
708855
86320
344067
459365
515769
61186
329160
654269
818783
541583
241253
757096
311718
277070
672672
589284
619113
457204
37972
372923
806484
96876
358630
230795
82361
222609
93188
894412
394116
548571
133116
10497
127088
3737
6679
714800
185548
290410
472678
984073
907085
960694
321986
922371
498410
785776
338904
771438
178851
174518
583582
138319
209549
28969
52328
431619
511139
250113
186408
676883
386462
599091
248039
113599
329032
82112
50574
706498
721853
424489
673529
522103
84833
341265
435878
513376
573866
89712
492716
743242
845517
7783
115053
428345
967417
138376
271842
207174
437537
27208
79867
317835
591030
56622
260908
951226
698821
653320
709201
644873
85820
539804
572086
549593
177631
249640
22211
336040
600135
94778
189979
315630
192941
220384
1111
886650
569116
623354
637390
442658
49903
241658
100998
592025
608521
374821
506832
210529
738776
177018
172769
335477
894380
209910
139079
722562
460193
456025
61082
721904
405968
232477
274152
909072
814965
309765
441924
433256
841197
113268
402178
751695
438132
719434
27914
132123
876997
81878
72106
808690
183849
182385
481441
843930
543812
339828
412157
632898
871910
345625
110953
412381
278507
119777
31719
498482
651680
182543
120775
146784
458291
78797
38076
531412
28499
118105
93959
902259
620244
156443
347387
329024
617806
283197
66787
316051
17338
15099
205497
289004
749913
159913
249227
835063
401817
606409
140581
118403
84921
82107
117658
832576
461694
714570
689162
400806
991419
180727
187708
145786
589883
94592
38785
967019
323055
201892
498992
468996
588054
137200
152881
938187
339957
195589
799535
225801
614460
20617
495
755365
594187
266045
209941
165615
290837
54348
97497
335507
583116
18256
70284
315874
779757
41340
314306
48538
623510
43906
4978
960359
238275
352462
617586
252847
889526
207028
213826
968771
522485
287155
466019
520598
290929
107600
116827
443652
731370
16591
352065
46332
144552
21120
4634
561380
924223
285503
61657
935578
361221
232324
861427
319832
45245
125416
188294
178806
155006
85303
105580
742307
814590
701030
527893
683804
868955
482656
118683
51898
222026
22272
19472
772898
27745
639685
763609
802800
313893
522466
229555
576860
693500
88862
390945
493810
819225
364492
412282
266127
544546
92050
15128
493145
147418
268819
385602
575087
88234
64817
427979
410388
735526
367340
2130
416458
977484
171797
326146
172140
494514
19763
20190
787265
709850
149064
277673
98434
833618
22763
73896
478074
422343
330744
348485
78938
301526
52472
62521
183902
158386
10270
39850
476250
523752
82621
410527
983690
355855
106777
383848
625012
980533
467428
549080
722706
233071
202119
361859
949877
810467
896957
374763
717637
110076
203124
177897
69776
410008
25287
15905
167985
456047
106961
80927
816144
352393
378656
551924
335608
377512
258582
271553
904089
606128
343780
58728
611968
642440
594084
362716
204836
965572
168897
161275
705727
618791
664436
150153
433339
515064
58132
220862
760638
527624
178769
452326
523741
641471
92062
508020
879957
859682
512985
543135
860308
703288
274117
721225
369158
79610
20626
347168
368067
718620
243320
82910
460157
373940
242741
281466
690574
793470
646407
622074
151872
237906
151231
138228
525130
415694
177252
265689
570799
303610
396153
452133
512819
547820
206925
204136
443988
23292
233372
363796
844947
823158
808808
208652
68254
18550
25953
34785
82058
365066
9295
48611
579505
273124
135536
467995
511208
581534
106840
235352
955960
495460
896531
348339
139991
462689
3556
2451
357642
59
98754
309476
644056
174538
18097
374021
564928
452584
163798
268605
445482
548815
382613
120162
60823
233849
59542
23521
797719
537876
128787
120007
990012
559568
338963
851408
755537
460106
414878
290211
298110
238442
142539
141748
668373
315740
485201
257747
894452
739774
619094
818421
291467
542708
255465
123451
976124
131450
241069
627637
895553
200262
263006
490971
412740
983500
77448
334792
745263
250456
575528
607206
102504
44484
47949
66322
972629
474890
942405
302896
441717
504250
321018
90809
317535
405827
311355
193236
104865
726540
21464
38720
8703
646188
4692
1493
623822
316331
457150
84610
410255
25553
196960
186868
158287
129431
137047
78503
663468
781562
108215
410904
69876
165794
47769
22980
541311
340204
280148
145917
645233
216697
446969
58310
301676
388074
103232
65735
633036
979141
548099
471501
843307
456456
562981
620770
993724
181137
127959
140074
365197
439127
249438
38385
488050
995016
304120
281395
687599
87658
305788
405765
374297
622354
80109
39064
736700
985365
30699
157875
162737
634167
32333
108263
694983
301515
72949
394335
265528
233401
20081
192731
77747
867697
64556
31890
607386
903693
140438
254423
261412
891459
129493
227605
339006
118449
147143
302212
602158
400514
127249
370814
993964
726754
709318
914303
944634
161144
124861
374331
212697
569501
131684
188454
417363
334202
57693
326093
508897
255390
330100
345019
448457
648400
11264
310179
517248
731520
301873
464057
597243
49890
436672
10237
34258
296017
29575
11545
946424
81247
432075
696340
293588
842833
152325
71590
854283
407432
355310
345097
484209
665933
259302
266677
70373
6762
35371
24425
308156
46351
154202
233566
188504
523555
157602
25428
618764
369850
195791
332601
532622
518943
214560
169941
666527
5967
350949
526862
153089
736875
38843
24253
748869
100585
192455
5582
340325
248406
113986
321498
587623
503793
337228
204973
658096
620538
404577
164706
238042
970337
119288
23289
971474
908754
135799
463816
960838
959958
76889
740694
436655
79353
137284
28878
190944
63265
37620
173572
818407
740115
198006
302706
410155
298866
341714
407156
961410
935310
570443
828502
401949
884409
55591
263590
151622
507921
23833
62933
468865
55167
17109
186529
813678
87620
712870
428270
362238
753960
88550
338276
838232
443392
584760
4220
960230
213327
908734
302558
773238
965280
430517
228290
359960
684900
174988
308215
626108
527470
434261
567008
496430
180841
96484
368225
810971
400680
494737
532602
738617
445970
598133
185208
212660
227078
17882
196037
581052
654773
328764
196306
728082
687804
669366
538305
117144
14917
12796
38197
332754
410718
240456
101152
340503
450497
334711
310556
614948
802597
285365
150193
388738
948075
322818
211129
549904
276795
325539
274866
267360
54629
9476
191049
238468
179116
165501
5937
38505
209579
19971
37091
326908
158736
31090
99138
976412
435627
564384
486758
16782
867991
9308
11334
394820
356686
74568
386577
321310
262817
11399
157998
802752
138678
60802
629040
134093
806793
108400
98771
384160
229002
303082
42356
500017
606824
160570
213027
437534
218924
327993
119694
575188
416431
174465
317093
954302
506476
470269
25284
115945
495900
60311
87543
976119
874195
775113
341388
88592
669061
24350
40014
594645
139889
345333
245800
150449
714482
145824
63918
448323
379151
10928
326115
309530
784399
83943
188215
357414
5540
341640
236500
294369
764413
123053
132049
710200
999834
481904
696545
129335
924752
81890
7237
909339
594802
374161
316059
348436
336568
56362
53128
230685
716654
35382
161185
785587
81097
732092
171120
861366
179639
308897
734984
574665
784151
502715
558679
122924
138548
105202
17274
976302
141075
255274
330744
139173
199397
62636
91574
924236
854449
891429
627043
412453
308235
394133
184420
125461
10188
105991
124361
832433
779085
13386
148739
983621
248918
522398
330594
2455
579802
1863
1361
341155
319479
265301
221540
799527
243499
788270
439018
870665
719943
761012
353844
738145
477510
306503
731639
211897
79301
195766
96822
825413
362665
510008
678931
419351
558186
74245
338746
462740
85343
342949
374012
880241
330985
518845
599684
506223
96608
418307
83675
713490
328722
426893
103317
746197
647021
536643
611237
269451
117865
252673
77624
767111
343447
223578
750712
567895
128113
396681
99009
642379
140349
277483
381308
449660
910312
143826
163298
854207
501261
13271
247045
736690
580819
439476
588824
819787
345227
209807
649150
803776
207054
533734
775347
198289
966098
51659
66230
144800
70820
136775
56677
330647
610215
37620
289097
293615
616045
122018
225607
463750
211435
409853
448295
182565
610764
19458
69428
922901
185831
773354
869850
454682
985895
343516
5966
122753
246545
117160
60544
142754
334357
63309
9472
886960
105499
173028
855863
131610
684916
114185
87857
942348
82400
468980
386154
771910
438086
365153
273416
7178
149103
884
4813
335049
467750
81376
315847
322371
30845
156045
194716
899229
349442
192510
652466
792776
681594
207111
330675
66057
281129
4683
34661
54911
972278
52236
14165
293751
374101
76849
258488
789806
538739
736455
713147
944824
657385
18397
24695
537894
683294
354298
352261
512397
365517
73206
408530
587721
572125
371660
463144
909940
566767
589981
487518
163423
340777
98805
129172
325030
529758
195190
131104
880935
66321
55861
404259
727295
606670
158276
344584
456384
950258
177899
440924
596211
832032
400830
287952
298624
127557
87625
163331
17590
304733
13992
3295
996249
252035
184145
577215
378981
361059
367076
32241
682193
566546
538432
95440
201830
499764
82545
99893
229774
213867
160739
8722
211360
188221
86297
182169
887978
2173
208524
176725
751773
622046
401846
542432
368271
553786
9637
334725
191558
667298
122199
69466
11861
242025
2891
7331
818372
729644
209243
579633
444045
414765
418211
22311
667390
925853
547086
657415
382083
622892
288045
209832
636636
730957
368109
209365
166355
654097
49869
30751
162954
289093
143443
28660
786416
254112
474253
592726
619362
141572
171805
224881
25662
872948
6349
10160
83376
824763
51776
67467
893826
834962
417893
544402
172158
360828
47998
139597
303565
576903
280027
118
71079
405252
46466
40940
146219
47388
124425
94950
326588
491262
67324
172754
691219
475664
682010
29476
719333
592018
252692
484123
789842
413573
233802
55650
303744
786769
133706
50292
629091
310557
16721
167785
55261
914949
12861
16131
624536
489551
8047
68716
269987
660465
195196
20338
611182
799943
73728
76388
824630
813078
482489
673625
942062
730552
30347
585786
207423
486096
104310
171184
517767
176843
434234
183044
514825
393644
437997
473222
801379
703732
740043
360451
296065
420208
279334
191483
131319
703718
57952
51909
17017
624868
16918
10017
436746
469887
320340
411650
908339
72964
577883
97570
119803
943078
68868
99711
97931
632406
10926
81011
985660
677284
967875
816022
877313
487167
584905
323612
56844
286408
53566
38789
57780
465019
15362
38644
565649
668908
355231
325203
838990
568912
460438
381138
351140
234211
244364
114083
770534
388910
354700
136426
397242
474403
308705
382645
629691
594529
605833
223892
139753
238812
103439
92123
234935
389196
7906
112615
539922
556729
202348
49750
608566
256237
232803
155161
260403
534001
212290
82127
796048
174061
565144
241239
573659
934456
271592
257264
762109
298722
215807
726259
848826
673013
398028
111208
183158
419819
136327
115560
228990
86726
76881
129532
771695
837107
580426
550907
459869
801379
191478
316611
793473
320092
158589
116254
518348
365901
229000
231475
255229
947326
128340
68069
659003
154837
320999
310320
173048
257223
29914
16117
131174
524004
101052
123589
928322
931591
537605
784145
543369
81219
435213
526443
333199
154017
141938
185273
768402
690701
190152
145362
976248
739133
309102
889622
340695
117420
274823
305158
765340
698559
74207
116159
30046
621061
20390
26038
42658
682679
8797
10731
194781
650687
162536
176580
374291
98087
19260
66135
912703
847299
386759
282283
261923
286292
183645
226215
660131
98069
165314
10365
586103
477867
340306
134066
873317
313348
822361
19058
834345
104541
530108
137316
436501
564279
187046
313425
925643
851973
713589
407448
66259
240642
59434
7693
502042
738123
414878
325694
984941
954569
425053
558165
298714
755285
217410
283588
952128
915169
333263
871922
404166
756275
133239
340111
912571
557418
132834
525684
307065
654581
195836
30651
543014
188592
51999
327906
550226
105739
367709
480884
983006
423654
61452
207885
100624
119999
78866
23360
394275
863655
192586
213575
382446
387329
133755
65886
673964
880704
14502
542379
880960
464854
133962
840178
513764
910743
399091
179576
219103
229597
108429
112635
152379
841949
116748
108091
98110
556167
2206
19406
436110
307433
192280
66672
968878
258198
629151
632010
845054
130426
785178
10581
109009
328994
79655
71791
243204
429694
140091
47016
980949
928672
651800
717360
550492
117082
190501
495217
196265
737749
116374
41601
827345
182922
766072
709003
456172
274056
334440
427343
54000
603667
25215
22887
697840
724018
67458
163676
346047
419014
235440
256707
926816
421959
873547
463711
156790
237966
83672
39588
203302
780946
186049
27402
938825
453174
415997
747650
627077
846379
134305
227735
453461
666065
286478
330673
491451
215349
299720
380792
667061
308708
548914
134729
871235
841148
170950
861738
575119
809319
485643
279065
851922
8045
281622
759449
862324
298529
395754
606504
59072
632761
44600
51135
176654
636114
24253
160001
625818
968118
341758
170629
890919
654296
107631
278712
798985
949466
389950
123240
79744
821808
54869
63862
262483
917232
39138
70019
718459
925925
589211
293974
758506
612043
427640
605056
686402
195963
261875
149865
990963
828618
478038
454280
180571
85676
131758
143724
277460
229861
72448
41619
712225
26412
30151
588437
984182
497211
359593
649624
701374
163872
345147
549675
798871
78598
277752
655280
128554
429077
76030
101610
451269
601731
290579
210142
279019
324433
139386
224791
442274
645258
32203
198370
181849
67181
45888
8749
44190
8572
4751
30
159822
667383
51822
38978
569625
959271
373755
283377
633703
90741
107932
88742
486591
305362
98766
467026
464371
335689
119146
176460
331600
180538
176300
252137
192761
585430
172141
163538
822916
398376
443561
460641
508020
627940
259301
358921
142270
199348
141529
83091
914247
674770
557821
15894
627425
716081
43677
59140
19866
821277
14926
8178
438873
19220
336638
189178
418030
296210
29837
185371
499358
19439
422577
199164
525469
468783
397748
99386
293779
160745
263565
225240
904273
931603
833827
222640
801265
7167
237591
132068
133574
158208
10865
133296
144065
513381
137394
138256
68588
779829
63436
19333
751890
62422
152496
667703
180208
302669
153656
95766
354187
293715
310430
138805
774728
133653
640868
568271
681126
793803
322757
345765
839076
540040
531528
826194
5915
946866
2620
3425
120514
596861
66004
110351
561910
408792
478514
286676
55334
988522
33691
24274
804685
568537
615995
628727
278109
368168
92873
95960
711593
174705
470714
213664
277755
977820
224878
273962
1053
630549
564
308
455510
823620
125098
167067
642151
980507
573015
17093
914827
238079
854292
126349
865932
44351
90823
725630
732214
659284
651733
198247
504266
459417
350994
445156
272332
118759
2457
237483
318763
40242
4757
29721
442470
884654
205964
398051
56308
541934
50283
50834
869671
797851
493206
398419
393397
896145
138202
86504
602116
711531
18158
296288
441426
330134
367487
113559
68837
180143
47130
168
91241
595413
79659
8513
712885
541933
194552
701700
556354
743242
217820
317580
679357
216902
230163
269454
604245
953095
79351
390375
589104
476282
481158
166396
491796
385422
113255
474279
433667
400234
367529
295364
543293
266561
404037
525779
528082
428982
291352
373866
571888
93668
521752
297509
990050
781396
51373
18714
976647
922585
748266
249082
977454
220391
450367
637850
496592
769807
375108
418889
111108
415299
45100
65052
942595
398772
292484
846250
917269
806793
723049
18983
279694
89720
246577
98345
5134
468026
2857
3042
334412
345653
77235
93171
235863
265479
64895
211374
818540
983209
262918
368938
848437
245238
467489
504520
729927
433055
338302
571815
368570
270640
328656
32876
832461
438029
778806
793570
141970
617065
53675
106201
857001
997822
484572
767506
722455
28400
48596
379452
841321
12493
178163
223157
685635
70005
265617
611212
950733
934403
624130
665920
168300
58074
91845
6182
27729
951203
20347
16066
151239
991650
96200
147970
440043
529735
355226
368078
433466
274457
103091
198557
944354
688254
12766
859096
891786
739493
542413
651128
365684
627431
146473
64873
890309
546736
52691
589432
887137
323044
728945
237486
389635
578326
141289
149147
750520
879967
317693
748714
943890
963108
238454
715670
184353
723766
130861
184343
486189
311282
102510
246902
121515
296318
85804
18062
605987
930609
571064
58148
740790
901598
379403
691032
949117
474778
909635
292131
469264
919072
458404
143517
504470
752745
364520
139097
435906
63716
145055
94916
445896
412028
305262
150579
29849
50702
16745
21593
601164
280398
409516
457536
249558
339020
190272
122557
901309
864694
409615
630432
933677
319417
68146
386968
725793
55324
526753
263187
898597
108521
267463
639569
925487
263123
422514
229737
706092
300122
608881
412805
597006
548213
500910
22280
651126
503860
342225
289388
981302
109875
22878
771346
430892
583416
392569
389260
842927
96885
597135
677472
874510
433027
65583
827426
756961
766513
524615
744466
170046
701720
36169
83348
63249
895153
34127
43422
688672
807492
137258
688205
82863
462129
20149
22192
271975
408090
217859
475
801507
443139
397453
623443
761062
723825
538964
593454
675761
536088
142802
5908
85870
375462
59826
14501
34643
259137
26589
22093
375545
515319
370585
12228
398249
920466
200442
200851
526107
393381
426768
142393
224487
432951
192820
101550
677001
675014
357009
15374
261898
810760
175326
93873
238666
47290
108084
3383
376304
492787
162823
44071
926755
358380
90627
3323
602654
573529
120207
288910
190928
834294
176334
40049
782993
25239
208213
392773
361539
165136
179800
243165
302748
81147
232475
123239
389898
738265
68599
273395
321616
988622
274167
253936
617558
798258
98957
62642
539609
128939
311037
32566
182627
873887
37378
72950
805273
12866
412409
196160
891774
877477
879949
246242
906916
533782
850066
837547
4355
574541
3562
716
177589
291095
122214
139856
569667
186206
386636
90599
109784
304786
34912
10031
82785
241943
58011
22041
702853
196714
115831
154511
80447
697881
54557
73990
820305
484757
766328
783268
144982
917121
59953
113090
937851
172660
844354
33679
642111
901674
490942
278037
934674
4140
733432
477152
743182
302865
269900
23890
846195
615199
768870
567623
620764
966796
528668
170594
758810
146487
264600
560260
935827
688725
431773
199800
962478
742617
685470
654304
235124
763925
107015
41963
524641
606094
139555
476752
542289
32214
366297
424479
190852
158466
164235
44101
384298
430587
165582
67292
822769
760754
412933
30860
740415
543684
139146
737820
816205
531527
407086
512798
609144
122338
517099
560511
573870
152454
295801
370891
914578
709933
468158
420503
111686
130525
84715
6840
360621
673405
103436
83606
227479
295980
107879
210105
530017
590551
271662
172473
633091
514395
411303
615035
954748
26484
776524
585897
74887
11343
14625
16300
639431
190118
586721
329141
40814
829815
40648
18018
391226
958313
272744
84530
294008
647072
96193
211118
565983
358823
17231
25140
65644
795428
5415
57471
896940
492115
854531
154557
393488
125287
350764
206077
41673
917758
18969
24553
978752
132159
849565
572223
175151
779829
10602
146885
300965
14568
278370
252423
698100
965072
402964
320490
577933
474063
143436
35439
326729
202622
291294
308999
215483
737357
6864
74129
922564
553605
792693
748584
99205
599712
84842
5285
593288
271796
102500
305296
662626
199367
540367
70643
16203
893854
6854
1853
30662
60055
23284
27829
279762
577309
198113
111302
609225
162320
28903
240619
719222
670636
198168
428619
566586
595709
138599
85285
416206
51339
265053
87719
909500
975432
181991
380166
988194
220074
148497
819438
460506
709224
233481
45704
420016
62146
409919
382070
899006
858428
361738
645973
824380
389735
818494
186938
655027
170631
147713
615018
265645
462865
25667
47713
351693
281354
273328
181147
163147
882905
73357
23988
815123
609821
327028
493567
469543
911417
219807
64885
303550
327752
51173
155402
394739
77681
347950
157915
779845
234896
551508
397808
620004
913015
580504
485924
398777
784444
327390
276934
708255
547614
597930
137227
728396
102565
551276
32660
578292
10349
122919
248665
541960
831241
257193
307740
883462
542364
843565
651608
505974
687456
384395
355057
948142
221465
364355
778685
993564
980061
571665
121386
557682
192980
485330
81816
877214
2048
394132
142988
784846
218144
568618
426200
583408
476765
6991
321904
726603
398033
552268
396692
379073
810926
378919
114938
377387
477253
326981
227885
659037
942305
105385
505174
866275
959377
641500
479345
48113
324650
47600
12478
319854
251
72124
11135
144877
928220
72651
131501
691352
148487
118832
73372
579830
508977
295551
564448
254131
790148
188135
128144
519078
873202
403887
265832
335553
182803
319801
245090
266306
860941
201776
252414
657015
545002
505309
260426
680032
27151
89510
634495
157611
952677
27341
2140
355194
26342
122585
336161
33263
513048
10542
19434
190182
139497
63910
144594
355399
598697
149950
272615
519383
618639
322629
296093
697069
328636
310467
43876
437273
734637
37755
216783
665341
631821
235639
602593
974570
113511
536113
748321
319810
603957
167324
129603
590415
341784
219865
519595
681596
90218
450305
539714
362920
366766
117268
126399
711583
609324
102455
339669
766831
907610
259640
308928
18278
485764
5164
15230
916855
944790
431065
528454
541407
155958
290218
349878
69482
991172
29655
41542
741132
137165
438000
614407
190974
322179
35429
119776
956116
410941
849187
79452
492425
922451
50687
150818
201110
801629
58513
429
759504
987442
122465
123036
914107
5142
91257
527223
329984
461877
54051
265997
638582
345063
54997
84582
243566
970120
48392
91804
225902
192425
190738
78000
218571
710004
124059
35354
278848
139095
52765
161297
493735
985448
110015
340756
859959
186166
748966
750398
394097
2913
26979
280430
499975
975927
126446
323329
174511
820124
144487
68179
972906
718650
664741
327620
137613
568756
114609
9560
917862
638128
793136
907751
588252
965511
212560
487243
24993
502543
2802
12207
347139
992958
172410
158930
377746
204104
182344
226253
547864
532322
325812
504667
207407
67121
92698
119503
942893
267348
923659
544087
917886
560598
838147
737399
660058
829918
227677
371255
911777
132993
204813
551781
836591
659682
708355
36396
80162
498559
46456
22598
372980
389374
204075
87113
